672
1240
466
788
605
288
289
6956
558
2346
298
496
4424
482
518
729
432
418
1025
915
888
440
324
1282
820
380
815
445
389
335
326
2995
2984
4138
354
2986
419
3987
3019
2331
392
372
2350
2021
4119
2996
308
5086
439
303
443
379
393
3006
3044
282
4089
313
4417
281
285
2318
307
2969
360
480
933
477
1388
290
856
4278
291
532
434
450
408
5479
4523
4935
3698
2196
2143
478
4655
3742
403
515
321
8033
363
2231
2151
2322
4267
484
3597
2130
396
336
2302
2330
359
1650
332
4649
1862
1860
340
1886
1622
4252
818
7788
5230
1895
1868
1850
1844
1715
4575
2139
1030
976
1164
1608
2446
7521
1102
2688
1291
1086
2573
4929
1402
6509
1946
1047
2316
2167
2492
1165
1222
1696
1010
1803
7753
6712
5719
6627
1675
2804
3757
5060
4922
6233
459
7780
465
5144
461
2916
2911
462
1377
5181
2526
1529
1512
1517
2643
3348
3368
3445
513
7722
519
2842
2847
4163
2857
525
553
712
700
631
3627
598
602
5844
1384
2794
643
2623
2650
7792
3978
1028
6285
6384
4415
1022
6406
6744
703
4606
7486
4286
6750
8038
1059
6756
1035
4171
903
4440
6783
4587
863
7905
4457
4662
1060
1050
4879
734
4586
4192
914
6440
4204
1899
4887
1427
4853
6425
1067
4289
4296
4890
6297
4556
6292
1952
4567
4279
4703
6489
6428
1009
733
6097
1426
4459
4433
2013
6259
1467
6958
1052
1005
4573
6360
3024
1464
1450
6301
5995
2082
1918
1419
1462
1066
2478
4924
1446
4418
6408
4584
4350
4563
1760
732
4572
4469
6286
4878
993
4302
735
4551
6439
917
1023
6278
4435
4650
1916
1063
6143
3568
6930
4701
4243
1393
7319
4621
2032
5855
1017
2042
4559
4579
6293
4170
4284
8349
3235
1733
3202
3160
3154
919
3198
1176
894
4002
912
6380
6704
2918
918
2089
1108
1907
1921
4854
1278
3158
9367
1361
7199
1383
4365
1389
2118
7346
7226
1391
4378
4355
3606
4338
4333
1394
4847
1395
2019
1442
1554
1712
2734
3983
2737
1931
2919
1950
3704
6236
6563
2907
4389
7850
2186
2193
2053
7860
2189
2052
2051
3620
2068
3587
2062
2085
6982
2109
2169
2176
2277
5033
2267
6366
2259
2720
2280
2273
2264
7667
2362
6246
2430
2726
2730
2838
2939
2931
2937
2925
2930
2934
2927
2938
2947
4120
8508
3007
3736
3297
3333
3312
3304
6845
3506
3567
7347
4168
4216
5271
4675
4828
10000
9703
9729
9784
9986
9719
9728
9702
9704
9853
9698
9921
9697
9720
9706
9755
9718
9708
